0 Z 150 0
1 A 3 6
1 B 2 6
1 D 3 6
1 E 2 6
1 F 2 6
1 M 4 6
1 N 3 6
1 Z 1 6
2 A 2 4
2 B 1 4
2 E 1 4
2 F 1 4
2 M 2 4
2 N 3 4
15 A 2 4
15 B 2 4
15 E 1 4
15 F 1 4
15 N 2 4
15 Z 1 4
16 A 1 4
16 B 1 4
16 F 1 4
16 M 2 4
16 N 1 4
25 E 1 4
28 E 1 4
34 B 1 4
34 Z 2 4
35 F 1 6
35 N 1 6
38 A 3 4
38 B 3 4
38 D 2 4
38 E 2 4
38 F 2 4
38 G 1 4
38 M 3 4
38 N 3 4
38 Z 1 4
39 A 3 4
39 B 3 4
39 E 2 4
39 F 2 4
39 M 2 4
39 N 3 4
39 Z 1 4
40 A 2 4
40 B 1 4
40 F 1 4
40 N 1 4
42 A 2 4
42 B 2 4
42 E 1 4
42 F 1 4
46 N 1 4
48 F 1 4
49 E 1 4
49 Z 1 4
50 N 1 4
51 N 1 4
52 F 1 4
105 M 1 6
118 Z 1 4
130 A 3 4
130 B 2 4
130 F 1 4
243 N 1 6
233 N 1 4
240 Z 1 4
244 N 1 4
245 N 1 4
246 M 1 4

